10 iters

    0.2063
    0.1958
    0.1623
    0.1987
    0.1611
    0.2049
    0.1724
    0.0093
    0.0046
    0.0038
---------------------

20 iters

    0.2273
    0.2460
    0.2667
    0.2043
    0.1665
    0.2348
    0.2319
    0.0064
    0.0047
    0.0034
---------------------

20 iters

    0.2496
    0.2191
    0.2785
    0.2911
    0.2335
    0.2482
    0.2550
    0.0100
    0.0061
    0.0035
----------------------
mean

    0.2278
    0.2152
    0.2297
    0.2368
    0.1911
    0.2282
    0.2173
    0.0090
    0.0052
    0.0036